4.965618114369519986e+01 3.288461218683954712e+01 3.040621616880933686e+01
6.356214621804126885e+00 3.700848978195503491e+01 3.360966195861217187e+01
2.598088370199623398e+01 7.650146392444687748e+00 4.008705929730574269e+01
4.846200494128372327e+01 7.203102411018295292e+00 2.516844917097782997e+01
2.551248464338334898e+01 2.589016642351807462e+01 2.140897964592383929e+01
2.089928631474231224e+01 4.855151474071941209e+01 1.932441618459148458e+01
2.984187899500618357e+01 2.854889003791899782e+01 4.170863682629098435e+01
1.999205349954374356e+01 4.851566127436129960e+01 4.441538561591038103e+01
4.550919469483743995e+01 1.786370793579472860e+01 4.147750606579251098e+01
2.668744080429136289e+01 8.479204243454764978e+00 2.221847588189427825e+01
4.245286829526546057e+01 2.150329552154297019e+01 2.112922703434009719e+01
2.732403377168850866e+01 3.905807634136742479e+01 3.023884550446343411e+01
1.246409829025160221e+01 4.986866757411281270e+01 3.083124335936074090e+01
1.948723803282458178e+01 2.397924130086484951e+01 3.357199977335740471e+01
1.406506461690669596e+01 3.391921530425904763e+01 2.279027007321318976e+01
3.612204687495236044e+01 1.277236171377139051e+01 3.071350907862304069e+01
5.253038712235431262e+01 1.959391943727752761e+01 2.962549919751441507e+01
3.659304805361384894e+01 3.269773151276563539e+01 2.428100140124559303e+01
1.788944645881367634e+01 3.677100365850050423e+01 4.043319506182428569e+01
4.175707207272030530e+01 3.039969352237971378e+01 3.959937766802713810e+01
4.994437998423255465e+01 7.244005673104523702e+00 3.713875444858820174e+01
3.404735809847885264e+01 1.774157648935468146e+01 4.180924500489879847e+01
2.327281778509747312e+01 4.905270545591598363e+01 3.107107037801019445e+01
3.228291713363763904e+01 1.780936684147037496e+01 2.122822238662771355e+01
2.611690872633047888e+01 1.600900104489108955e+01 3.059057544696832309e+01
5.131613318954319425e+01 2.635837135746239923e+01 3.856196524716166607e+01
2.301895466422150704e+01 1.878117222620543814e+01 4.118106384007067078e+01
1.011942505812750603e+01 4.234846650151256853e+01 2.517929731664244741e+01
1.245440901099041753e+01 4.452374910744376280e+01 3.903284713813373230e+01
3.529116223772455641e+01 3.607754063591285387e+01 3.565763538918336195e+01
1.744282778518054045e+01 5.447320263646081884e+01 3.737300735778276106e+01
1.291781871233138546e+01 3.061970212986994966e+01 3.530515466304429140e+01
2.122073406569968057e+01 3.996525655013878264e+01 2.329358677261558341e+01
1.839373019846904000e+01 5.496943663017591319e+01 2.590300576079124539e+01
4.512205475207045424e+01 1.440566174437603308e+01 3.308181063544617473e+01
4.926883189114656858e+01 1.549303528020736032e+01 2.163387201275165594e+01
2.336164022654484995e+01 1.690807263916388337e+01 2.123224697482282153e+01
2.418056507345361084e+01 4.306367960300217135e+01 3.754188367183521535e+01
4.909896199742999556e+01 2.789776996692603106e+01 2.313414109949086139e+01
2.837053511470086420e+01 3.349017690571820793e+01 2.385895301371481025e+01
1.877072126472917546e+01 3.077512646440372279e+01 2.873418216846154394e+01
4.155659528305733375e+01 3.474159692483529227e+01 3.026278421576211741e+01
5.229326308664060718e+01 1.683476397973989336e+01 3.738692996202676966e+01
2.286184496693146073e+01 3.160892237679779981e+01 3.692815065240849037e+01
4.162309463761773287e+01 1.502565169846924675e+01 2.558142901652241008e+01
5.473490403962644990e+01 2.706032624902732664e+01 3.151960681497172345e+01
3.112516698511609547e+01 1.299006162699417644e+01 3.642494753178671374e+01
1.032036385101175568e+01 3.698910639486321372e+01 4.096258682568997500e+01
3.696527641158602506e+01 2.520263585262580364e+01 4.229415635150392916e+01
7.567741760467477263e+00 3.374088370257298664e+01 2.690999667584700461e+01
2.246423601568346129e+01 1.313758524976290865e+01 3.673228393903376343e+01
2.132731825984292584e+01 2.099388516727882603e+01 2.736783757557403618e+01
1.518027348717317970e+01 4.698338999620484913e+01 2.327001358837824796e+01
2.797385640627810588e+01 1.374807146144712888e+01 4.259140445872766634e+01
3.140767319345308906e+01 1.199729242490609593e+01 2.575772863173946803e+01
5.184147130241031931e+01 1.290424198607674633e+01 2.828366504460024800e+01
3.664730114227995017e+01 2.671564904982508182e+01 2.096179862229964641e+01
4.316129659020408837e+01 3.112575405185768318e+01 2.378641839358571275e+01
4.494786063558240130e+01 2.487453601824682536e+01 4.171567208334187171e+01
2.936767772234738416e+01 3.486480996016283029e+01 3.826492833749919242e+01
3.394662472232202788e+01 3.700505619709893779e+01 2.845077521801963272e+01
2.394570427847704508e+01 1.050464879030469589e+01 2.778420409719761608e+01
2.079792010015443182e+01 4.857793114728348627e+01 3.750018446636904201e+01
2.420460805643058677e+01 4.467563484639418903e+01 2.652639245736929752e+01
4.613497609180029002e+01 1.081316496425838913e+01 4.064514725994582989e+01
4.746467284991883417e+01 3.172762324942418033e+01 3.738401071797314046e+01
4.043564686928876029e+01 1.540955805061983952e+01 3.891640823885951761e+01
2.293377322075264857e+01 2.482935021987402990e+01 4.011045629642661936e+01
2.241767105575830854e+01 1.884619345104091437e+01 3.486154306465155628e+01
2.991111331206794333e+01 2.269255876191067500e+01 4.275068295442106603e+01
1.012807033719651528e+01 4.462885930596709727e+01 3.232978743918143749e+01
5.036221984852687683e+01 2.117436600716558814e+01 2.282460340207955340e+01
1.819713519176700700e+01 4.356250065412469041e+01 3.995596875714767293e+01
2.276143965663452207e+01 3.490658319336520776e+01 2.589929694124380077e+01
3.498316958301037971e+01 3.089961119955912494e+01 4.013456905435487698e+01
1.294624093933878939e+01 3.045896232533636905e+01 2.946109931720867436e+01
3.118034099541165105e+01 2.861295039903344417e+01 2.118229472485489850e+01
1.813626418146270325e+01 5.163489178388590517e+01 3.064191312472944873e+01
4.624599871371393078e+01 1.052314767220653735e+01 2.914868411304626505e+01
3.969247063186208635e+01 2.000877976386463786e+01 4.206925538638820683e+01
5.000278890414872279e+01 2.098002367629375442e+01 4.038078912592682457e+01
5.086302477855880255e+01 1.220515466522247827e+01 3.369777387954698611e+01
3.771639035742605728e+01 1.704779335806437501e+01 2.183563817092183257e+01
1.580254047904769088e+01 3.963076540137943482e+01 2.230540338607809048e+01
5.297358359416213602e+01 2.190223881744893930e+01 3.532516624669776206e+01
5.292830050066312708e+01 2.505861093565442843e+01 2.673128236974662286e+01
7.998319680223845651e+00 3.316573858977870515e+01 3.711623164554694654e+01
4.042986702155793211e+01 3.398264617065009929e+01 3.573761206403690949e+01
2.714833563821378704e+01 2.083011824980238202e+01 2.035913101376007717e+01
1.829141609917377664e+01 3.082060696883791451e+01 3.407381293684488099e+01
1.279837610826810312e+01 4.908250167907353756e+01 3.612291163441723540e+01
3.205002268334415305e+01 2.304544538913631513e+01 2.021870357004583241e+01
2.069309659818762270e+01 2.636606816184791313e+01 2.642301737069441714e+01
4.553175190782202719e+01 9.329650764411999475e+00 3.466703164339541843e+01
1.949864925156300544e+01 4.980220735545388777e+01 2.522331925241269346e+01
7.186220992873862734e+00 3.917457163420292687e+01 2.883353228188537898e+01
2.670067500848774955e+01 4.386959201377059969e+01 3.238001650612124394e+01
5.118027229455044846e+01 1.260319290304838802e+01 4.034270223905528496e+01
2.264880704792484067e+01 3.692184155936325851e+01 3.830041580206033558e+01
1.634934968601805139e+01 4.866144535503772062e+01 4.020309596162972809e+01
4.341088080915997693e+01 2.655308584364778923e+01 2.140265810595582252e+01
2.812473257503816981e+01 1.491223194007651642e+01 2.036732890747001079e+01
4.432807210968568512e+01 1.088628923391078374e+01 2.419340210777829014e+01
4.574139871130205393e+01 3.367021052065112485e+01 2.732916935711471496e+01
9.430240846980300518e+00 3.805699764139399832e+01 2.262984799314164519e+01
2.420127440442254851e+01 3.000365003151766885e+01 2.396648454262606265e+01
9.150045021534975120e+00 4.153492185798989311e+01 3.613568596080126838e+01
3.114387414017993905e+01 1.477457499061229562e+01 2.990146886029541662e+01
5.226246293566831014e+01 1.693652803436334509e+01 2.527835846136261821e+01
1.570330358588482866e+01 3.270500061554255211e+01 3.884573251667899996e+01
5.152991231700495689e+01 2.970682746046658096e+01 2.716322652944417726e+01
3.145958401661514614e+01 3.746200338395614438e+01 3.259569718477585809e+01
2.464325733903560689e+01 8.690164619045912531e+00 3.554518140004824289e+01
2.823325442814556041e+01 8.265817685685110661e+00 2.767174282770356086e+01
2.695236533601957518e+01 3.732632838954624788e+01 3.488666718360394015e+01
2.373953849381036463e+01 1.171102232316107639e+01 4.162947701624935348e+01
5.221173221560098909e+01 2.924490761817951778e+01 3.493305575121658535e+01
3.860404989882550808e+01 1.295080508685770226e+01 3.468838132272532704e+01
2.167940642468117218e+01 4.495618208189019072e+01 2.219210633581946013e+01
1.435434938131034066e+01 3.979436198668854274e+01 4.067302525568382521e+01
3.522607928642051434e+01 1.462599123738798568e+01 2.599971619550232305e+01
1.819012495633903015e+01 3.337733039721785389e+01 2.494677125330136036e+01
3.029363561523116033e+01 8.258722038993361991e+00 3.852969877624889961e+01
2.205966708629170725e+01 1.488590960604540570e+01 2.518016013195884284e+01
5.036799950573590934e+01 1.108021985043945534e+01 2.238858519027725436e+01
4.442013088296343426e+01 1.608922750604619978e+01 2.211122091569058057e+01
2.522765503589411651e+01 4.047151364654121153e+01 2.541552657062825915e+01
2.593267111991541185e+01 3.034909966048166297e+01 3.984133935607498245e+01
4.037173019928383155e+01 1.305459683526373027e+01 2.956522010645038279e+01
2.096902336874753559e+01 2.708562040535832338e+01 3.687077750652693453e+01
4.962570708442344625e+01 1.658145287477898577e+01 3.095177062767601228e+01
2.310737242751570264e+01 1.098719014758648349e+01 2.230751157653878991e+01
3.577568774960433018e+01 2.084095402453778334e+01 2.053239206629687175e+01
7.091665677549078950e+00 3.734344850384228209e+01 3.787029215908448521e+01
3.281271146024066354e+01 3.474361610944609424e+01 2.455473537414626861e+01
1.428251106817679172e+01 4.993586772053532030e+01 2.627316697340092588e+01
1.071454434255675459e+01 4.583814748112590109e+01 2.826170134184885896e+01
9.103699947251993052e+00 3.183350523081636041e+01 3.073817742722684443e+01
4.037221106439763219e+01 3.346787478637274660e+01 2.609953933753273247e+01
4.740193606801481963e+01 2.398300117985620261e+01 2.169033847686491612e+01
2.856057867495068336e+01 3.667745633458328314e+01 2.661678904243067123e+01
5.017857413366865416e+01 9.070086279173821708e+00 2.880691205838105518e+01
1.795280821970629148e+01 4.314365686648618237e+01 2.315760857054641164e+01
4.452334231814023724e+01 3.411093816085469399e+01 3.479952602374755344e+01
2.841573188148381490e+01 1.017475803586841820e+01 3.446518480830119557e+01
1.956865785226262489e+01 5.150116887889939221e+01 3.475805042616205753e+01
2.583822099923859383e+01 1.349003951187690831e+01 3.387928928443843546e+01
3.528377853140359122e+01 1.429483564057567868e+01 3.678402252692197294e+01
2.382214724545668716e+01 4.627512276829768467e+01 3.494599666866616872e+01
1.867530766475655213e+01 2.761609773157118042e+01 3.148328703859148447e+01
2.227481881124094798e+01 2.050647803049482221e+01 2.338461634616791684e+01
4.652389824330174406e+01 2.889846691786750199e+01 4.022785637870543951e+01
4.012742656723907686e+01 2.886609634979047456e+01 2.212362321276491173e+01
2.601710013661875109e+01 2.158321356350380427e+01 4.241823122296659676e+01
2.085836034336859512e+01 4.050319818853476761e+01 3.973579329527616721e+01
1.129148798727663561e+01 3.317551271778018673e+01 4.015434370505953154e+01
3.782243693348323887e+01 3.552679812177751728e+01 2.903685194639038869e+01
1.737222790119758287e+01 4.961245016652277684e+01 2.089599822672607843e+01
2.111719028820534305e+01 4.475640579563926735e+01 4.241535442906620546e+01
4.720356800160669763e+01 1.889870250817603647e+01 2.143740233314961330e+01
2.318316876904231094e+01 1.756322848266171377e+01 2.838507515087471944e+01
5.385629080746031150e+01 2.317420772835900777e+01 3.154176249870687343e+01
2.996981184056025427e+01 1.168213203495982100e+01 2.174770793574750627e+01
4.086881536036911911e+01 2.467104827467781547e+01 4.206953681656343491e+01
2.874258209628354166e+01 1.761699109632344573e+01 4.266419637889298144e+01
3.355298708256060536e+01 2.734537567628674282e+01 4.206349832134817035e+01
1.954695085462518733e+01 2.367109804084095614e+01 2.958035429454469778e+01
1.530813069502073986e+01 5.141527591187992385e+01 3.328840441181298360e+01
1.023402413901674812e+01 3.247184111853865573e+01 2.439406168143102249e+01
4.411157035662348846e+01 1.453350555394430188e+01 4.013647821825104245e+01
4.876868444055041607e+01 1.587016150115805324e+01 4.150524433424282478e+01
2.090767212123023100e+01 2.262723435962048057e+01 3.684863616675249887e+01
4.853447814288349349e+01 3.137372223455140485e+01 2.552556846405575897e+01
1.069197604601192886e+01 4.070559715072423757e+01 3.944122959998268385e+01
2.214553704547671131e+01 1.479095562263773367e+01 4.005277361809246628e+01
1.324666431081833551e+01 4.221023782701737304e+01 2.309644736796314746e+01
3.969154734495263881e+01 2.459247537460663580e+01 2.080945118026001239e+01
4.617021871949062728e+01 7.503955334179949865e+00 3.783128306760199422e+01
2.273541122875924358e+01 9.575833378775957527e+00 3.877612434904072813e+01
8.621499937732707508e+00 4.125568265981869587e+01 3.222451522326619511e+01
2.721825838750210025e+01 1.171892876780365889e+01 2.898268460494328025e+01
3.536729791699985981e+01 3.662559590511561680e+01 3.183433511984813435e+01
1.175557528336696933e+01 4.561835030612013497e+01 2.470579985447032811e+01
1.740231437903079126e+01 4.598474189124742395e+01 2.027223175347331718e+01
4.311225602677386348e+01 2.133849284656287892e+01 4.184481758396348994e+01
4.824396154861872787e+01 3.331357881927497289e+01 3.416259934225240613e+01
2.938908503852355736e+01 1.506382437268071683e+01 3.397313918092229557e+01
2.974999529814925481e+01 8.068648658607969537e+00 2.415240057490639458e+01
5.224896741927149435e+01 9.993453603000601149e+00 3.775888823154248541e+01
6.778940270981831162e+00 3.460107176224398984e+01 3.041653590194781032e+01
4.706468132850110919e+01 1.398990443619615398e+01 3.006786258701243852e+01
3.850325657630371268e+01 2.826102829612727163e+01 4.118483963539468107e+01
2.369327552661315295e+01 8.461401214287871397e+00 2.483932597951359256e+01
5.194343298503405748e+01 1.853717084117609204e+01 3.299594695312420356e+01
1.414488509812483130e+01 3.518923746200621139e+01 4.092986132150250711e+01
7.076913336737080229e+00 3.774270854320279511e+01 2.529501779552875007e+01
2.036944146896154706e+01 3.653875017969188832e+01 2.373885373627193474e+01
5.263125112286715535e+01 2.977074379662242265e+01 3.059793166476590187e+01
5.232082824042736036e+01 1.053596359642823188e+01 2.568121740302444067e+01
4.519540910048146287e+01 8.158097486222237293e+00 2.628121026501526813e+01
2.554705504433752594e+01 3.956108130353533880e+01 3.717076223849173289e+01
3.031334335084216036e+01 3.168039979449800470e+01 4.026387172568718142e+01
1.777197799241944054e+01 4.554847950404862900e+01 4.291335640200726687e+01
2.159598631025036752e+01 2.970290209574592311e+01 2.639521995942737931e+01
2.652486363516189272e+01 2.737732001634040913e+01 4.149839564695312077e+01
2.185753711195793159e+01 4.847278567023823825e+01 2.797965974411982870e+01
1.505609479924326344e+01 3.180796490034979485e+01 2.532130044622715559e+01
5.316753037076741606e+01 2.529601330249360203e+01 3.580309026344348666e+01
1.888659880069408814e+01 3.322921134376954200e+01 3.771578290911693898e+01
5.222524418827634918e+01 2.046427639059409387e+01 2.558767677569589338e+01
5.218355889556565330e+01 1.354360170143769615e+01 2.408849948908303418e+01
2.239242004414713705e+01 2.541730058520225910e+01 2.362835428539194282e+01
3.232256062847818612e+01 1.484507783171279627e+01 3.901330017864274424e+01
3.757293037945332514e+01 1.616449095799208635e+01 4.054131248256877740e+01
3.365926282429963123e+01 3.059135071755732582e+01 2.231787385894019593e+01
2.611893713577490672e+01 1.141748402083608127e+01 2.067490062674746198e+01
4.959029323945589596e+01 9.644836561472365233e+00 4.052814965929697166e+01
3.182641049338864292e+01 3.693754003530379748e+01 3.589720409236080201e+01
3.538743300161946337e+01 3.390612719384340323e+01 3.822033713353788897e+01
2.639023471486554229e+01 3.327963611578016412e+01 3.827317554396499588e+01
4.703954256750631657e+01 1.121619377856427846e+01 2.206359358321927289e+01
5.071099636835612046e+01 2.499843563342217223e+01 2.354586832919223482e+01
3.142456385003212915e+01 1.965351911162474607e+01 4.260656247983481393e+01
2.073876395849670118e+01 2.083130386717184734e+01 3.086747327645594297e+01
2.132780735685430074e+01 4.774084864120129623e+01 4.094751181243432825e+01
3.527966930971285819e+01 2.234824290079010467e+01 4.262782150493266897e+01
4.103294246354008834e+01 1.732651744230644653e+01 2.195255037786705898e+01
4.866759622904763205e+01 9.615279828928825268e+00 3.358612960018808735e+01
4.986089441729912863e+01 2.933436100133564750e+01 3.826169293895546986e+01
3.170221698362921359e+01 1.424501621999287693e+01 2.332638220039077126e+01
2.693787482187067894e+01 4.137865272856286936e+01 3.479011207289441643e+01
4.597524873058065253e+01 2.871482189718054201e+01 2.244756675413905356e+01
1.582812516845588746e+01 5.305728392263635840e+01 2.665434877133098013e+01
3.347602777394732243e+01 1.403037140289388418e+01 3.407829520803016976e+01
4.690977974775105963e+01 2.114695159696458049e+01 4.141073427008637253e+01
3.857937973476764881e+01 3.106044276352573164e+01 3.935995480492071152e+01
4.681949402085071199e+01 3.434999992567500726e+01 3.102307879118314560e+01
4.313569789249295638e+01 1.418216192111962215e+01 3.564446076221118176e+01
2.862933603925241499e+01 2.591538108980085298e+01 2.052893083140420671e+01
2.858811292775548907e+01 3.033306104469102848e+01 2.208128295390848450e+01
1.248859316764920280e+01 3.653777075883813552e+01 2.180829944722022162e+01
2.200838743075198778e+01 1.938288429607616337e+01 3.819591623898936916e+01
8.452529794701138854e+00 3.240330423241744029e+01 3.406864856266130914e+01
1.120525152468484364e+01 4.695144311228147416e+01 3.443622430412811042e+01
5.134996602990641179e+01 1.554273337697812174e+01 3.375165802405027904e+01
3.055404790697638617e+01 2.026884763872379125e+01 2.032065316187176407e+01
3.860736384690290635e+01 3.537773115752251840e+01 3.207277387836371219e+01
2.376697290569022769e+01 1.573505983464990443e+01 3.458541222768949552e+01
5.117179860465500951e+01 1.755709889955244307e+01 4.021289091449952480e+01
5.176592679517931828e+01 2.327865676504584158e+01 3.829079867204055887e+01
2.694665065786425728e+01 4.147705880314060778e+01 2.832326966239154942e+01
2.154577273033428497e+01 4.755104743602984030e+01 2.389302137206822607e+01
2.579810346697100698e+01 1.667034102141900220e+01 4.278609390127272150e+01
1.626241723460098854e+01 3.065102906131216187e+01 3.174423250200540636e+01
2.981094798137754509e+01 1.151356790332961388e+01 4.149810305271694233e+01
1.675236162609259694e+01 5.021791896278408274e+01 3.756499708093588907e+01
1.979430781278398754e+01 5.096771098326081528e+01 2.812442697080185994e+01
4.325682389287716489e+01 1.396316786694600509e+01 3.017961504013139518e+01
2.524130783532552158e+01 4.671060754218879651e+01 3.078323075623937655e+01
2.426735101207752621e+01 3.756779419812156107e+01 2.562625278336146550e+01
4.377378175309134178e+01 2.763212470526478626e+01 4.113962625097427406e+01
2.261100449842003712e+01 4.253508584244239898e+01 2.417175545627676669e+01
1.639947005065990737e+01 3.584278884589978986e+01 2.246014744221106696e+01
1.731298697336022130e+01 4.892799817223182401e+01 4.309686663383847360e+01
1.046931589441155808e+01 3.151454662401009088e+01 3.714009369140335792e+01
2.426992993129268683e+01 2.094535206425979368e+01 2.106974312537379745e+01
3.773151730839324358e+01 1.527160925999719687e+01 2.455038604762249577e+01
2.382702989168577545e+01 1.762828205759696942e+01 3.148363632503524556e+01
5.362855313204418906e+01 2.754926261267439003e+01 2.883755330744378398e+01
3.323052859011542637e+01 2.445011716478413177e+01 4.270707818707300163e+01
2.351564541514680684e+01 2.889034676579307614e+01 3.903558562730059123e+01
2.702998390899107406e+01 7.122510029629306239e+00 2.526365578404343637e+01
2.743952817469110173e+01 6.963812390241676198e+00 3.765408907224568225e+01
2.146310706071554364e+01 4.910628954117845524e+01 3.471326538923243277e+01
3.430454450480194595e+01 1.602437386347044779e+01 2.361816753157143367e+01
5.166776184764283641e+01 1.574108954019674655e+01 2.890527395148341938e+01
3.235782080098581304e+01 3.514438572029084185e+01 3.810630061271025681e+01
4.773181185809797000e+01 1.309137507108551901e+01 4.144347720573052385e+01
1.736338401696772848e+01 3.961447828559521156e+01 4.055322841226539055e+01
2.848487501112665754e+01 1.438772589427102844e+01 2.883052820238658853e+01
9.220402613076691622e+00 4.203862670357644760e+01 2.790882679365997276e+01
2.812038276741397524e+01 2.515240768090214374e+01 4.242235198715709288e+01
4.070138072048334976e+01 1.741996457094192152e+01 4.133042381291046752e+01
1.434716324242975638e+01 4.708027197439140110e+01 3.889009122690437437e+01
4.906119455730976142e+01 2.725028638146613247e+01 4.008025424794900715e+01
5.084597419968178400e+01 3.157589535307252149e+01 3.399930323703790691e+01
1.920770236525245878e+01 4.964084155846525448e+01 4.083637712033252853e+01
1.098132089756033736e+01 3.123480142345263388e+01 2.684361017528419069e+01
2.229494374714446892e+01 1.154804751039619326e+01 2.496903602499284247e+01
3.877101666814722591e+01 1.250849619719539874e+01 3.189057592300560273e+01
3.088169487295012061e+01 1.606027015064704599e+01 4.164689280096258983e+01
2.387933939784773685e+01 1.414450761275940849e+01 2.089260211293831659e+01
3.643439742466121345e+01 3.004184891153679260e+01 2.244552734730947563e+01
2.894549105489717533e+01 1.760842822619117953e+01 2.042931913197710259e+01
3.039248582027425982e+01 3.752876070172283107e+01 2.999993255527403591e+01
3.077605274141186698e+01 9.965295466227900079e+00 3.635493682749815036e+01
4.462061274245488107e+01 1.340055849650749487e+01 2.288093837219773974e+01
2.556179006284428468e+01 4.393625686513519923e+01 3.526509758319487275e+01
2.120907086750888482e+01 5.056652921492067065e+01 3.234063672554315616e+01
1.689170215875338243e+01 4.947202731296635392e+01 2.426372912223020961e+01
1.549999740881639276e+01 4.420420948885011114e+01 3.969520950694281680e+01
2.968118769936355150e+01 1.089910283357676768e+01 2.799203340513148675e+01
5.246329445358421140e+01 1.273731146653148194e+01 3.742489974864020041e+01
7.882769031329922349e+00 3.508563840022442548e+01 3.927046915363583679e+01
3.615839683515859093e+01 1.944425071124098992e+01 4.233304407949548676e+01
5.187120883450148767e+01 2.028968572813530713e+01 3.847309911263332793e+01
2.315356952856307515e+01 3.190311039839330931e+01 2.591620999559144423e+01
4.616994089841226412e+01 8.530151646700389279e+00 2.375278558725828404e+01
1.123626091589066434e+01 4.010369037685564564e+01 2.280009722124842142e+01
4.752398116588578603e+01 7.578316352311247783e+00 2.770396901347415763e+01
2.197054862680126419e+01 4.635414893316196583e+01 3.855127986297619458e+01
3.403152663740543460e+01 2.744731699201805952e+01 2.088041287022382164e+01
4.809480847436873319e+01 1.869478490037952412e+01 4.144537505191910753e+01
5.140426242362939746e+01 1.872488423336989882e+01 2.336123087815552779e+01
2.051553632144216266e+01 3.090612340438783434e+01 3.562846266855442678e+01
2.707162319022652852e+01 9.490166589414373632e+00 4.175793031469467564e+01
5.159977109796049888e+01 2.769243000880847205e+01 2.534888014029840519e+01
1.099531287759351450e+01 4.699941101631445406e+01 3.069405100278473952e+01
1.942779099198323678e+01 2.756858800728380743e+01 3.408337833016327778e+01
3.150310691734091506e+01 1.208005219200303415e+01 3.948203423310201288e+01
3.924835191721697214e+01 3.186444318210897109e+01 2.425376635975126405e+01
2.728408338361341734e+01 3.918184654828286284e+01 3.297513520104617868e+01
3.056708203633226617e+01 3.200880548263329217e+01 2.276508564843948079e+01
4.448480900568198138e+01 2.324705085370714386e+01 2.120142568287064222e+01
2.474742487137903524e+01 1.113861154481022275e+01 3.443781724474535366e+01
6.911167225303669781e+00 3.447931379018940845e+01 3.465468107802567488e+01
4.820584141338191841e+01 3.320399681779596790e+01 2.821148663140006363e+01
4.437494370203592098e+01 1.095742526167941477e+01 2.732792679488022358e+01
1.918339693210797492e+01 5.249075764383243836e+01 3.717121375289123364e+01
2.942995242736087036e+01 2.277755810767622791e+01 2.028878585203878515e+01
6.425974369122428698e+00 3.750417910041058178e+01 3.071707884764322216e+01
3.111256465539384308e+01 3.712982014927913355e+01 2.705963460277086341e+01
4.333886438669291863e+01 3.199180087180536702e+01 3.823352124004956920e+01
2.562380958566157574e+01 2.841383285013487381e+01 2.213027122354034049e+01
3.269482760130181731e+01 3.290878776662228233e+01 3.944275203550938613e+01
1.640657470981486554e+01 3.122019294778271359e+01 2.768185314946156694e+01
1.435354153411997480e+01 5.116353008186225537e+01 2.955185761489782692e+01
2.601629678460034256e+01 3.245914227003373043e+01 2.434830176368705779e+01
1.310053677294976815e+01 3.035119189096215919e+01 3.271184263152433402e+01
3.767938852985462006e+01 3.516768888078147626e+01 3.511398830958876260e+01
5.172936599813591130e+01 1.508195404275344309e+01 3.959426292291581007e+01
2.507375920753975507e+01 2.389940083887068667e+01 4.168327017008446944e+01
4.436694155105935522e+01 9.295119921331137292e+00 3.727775850218039011e+01
8.971850019112251218e+00 3.442244131367968407e+01 2.324212366240063687e+01
2.651308408247970050e+01 3.780341745124758290e+01 2.771307258252208072e+01
3.312762272643212214e+01 2.017280967470429687e+01 2.046376240366808474e+01
3.474410957292882074e+01 1.373706567206863127e+01 2.837077460016272923e+01
4.050250341888561678e+01 1.397749689338131418e+01 3.609406852021557199e+01
1.577971415647087561e+01 5.259225789251497929e+01 3.680379537497299935e+01
2.645480223021130683e+01 1.821537521718036956e+01 2.022761858554288494e+01
4.082696118083779169e+01 2.717998424860327233e+01 4.151367776206539872e+01
1.932764551142567200e+01 2.823826728495847149e+01 2.907747592765868916e+01
4.188966424851826531e+01 3.467391637195453313e+01 3.280796967158749311e+01
3.586642976158118756e+01 1.292609189559720839e+01 3.326125562115142031e+01
4.766487836337033457e+01 1.545041073489946903e+01 3.213341366644343822e+01
1.272372373776500076e+01 3.192417965803966240e+01 2.424903111305880188e+01
3.594083966020064480e+01 2.879832746587505454e+01 4.122300133165190772e+01
3.848414128654168564e+01 2.223473707580137670e+01 4.233548792508690184e+01
9.803709687375073756e+00 4.365395593842007571e+01 2.978531592126845240e+01
4.661855998157108871e+01 2.136568529386059012e+01 2.154111917212364347e+01
3.767846532324849562e+01 2.306680807673291156e+01 2.060060705522311508e+01
1.952360799734466923e+01 4.467009244410631652e+01 2.089294231526655565e+01
3.199931650928170157e+01 1.503682042323183055e+01 2.754769043248658278e+01
5.015266474922947282e+01 2.426653827885618497e+01 3.994701827347405043e+01
1.815342513783949485e+01 3.876734971196245283e+01 2.250966734413812631e+01
5.073099724153249213e+01 7.803420605586392611e+00 2.605102820236046668e+01
1.201334397322600367e+01 4.901562118356130782e+01 3.314391948299531521e+01
2.069068204582220005e+01 4.341701865261746462e+01 3.999872598876464025e+01
5.014565760305913500e+01 3.096213357033539992e+01 3.631249705191010690e+01
1.888655824163270580e+01 4.749823143019442995e+01 1.829881541625822194e+01
4.311120786930483462e+01 1.861804624221156956e+01 2.148899345076051048e+01
3.094580885546788096e+01 2.543342388414586708e+01 4.265620103351696457e+01
2.665648842237157368e+01 2.325101309137293981e+01 2.064696226861070016e+01
1.913258122944285233e+01 5.260384370200605986e+01 2.577234149362121229e+01
5.096470975728604458e+01 8.506000430485318731e+00 3.527567364584176346e+01
2.206300153227746108e+01 1.599243230130638871e+01 3.789821860587281321e+01
2.219003229087429929e+01 1.732997010626483814e+01 2.547703272122392093e+01
2.647172799643998076e+01 4.415968931858333235e+01 2.994503406313554450e+01
1.596218500550695119e+01 4.618188928213069033e+01 4.108652857673846626e+01
4.275543192341836374e+01 1.891173924227048175e+01 4.167858211507311950e+01
2.204513005064733733e+01 2.272542802384253235e+01 3.920833033179585669e+01
3.111395894081298508e+01 1.068643511774952692e+01 2.370243083329668465e+01
7.227983974041404025e+00 3.926017287771338715e+01 3.318162757926143058e+01
3.921472677354628900e+01 1.883962574193728301e+01 2.109461208185594572e+01
2.327572135386646934e+01 4.115043650458100188e+01 3.877324990917794878e+01
3.423795435369545714e+01 3.268799106557354150e+01 2.362921239364004578e+01
2.334695222804093362e+01 4.815965471862838143e+01 3.333173336244144025e+01
4.753978556983044967e+01 1.354468244062105775e+01 2.159260120442703013e+01
2.934976062911274397e+01 3.735511827675831142e+01 3.459913097262304404e+01
2.027289756823084588e+01 4.931309069792717992e+01 2.284470303294779114e+01
4.786242726088904220e+01 7.799452026983026087e+00 3.952023757363446066e+01
3.094948571881213439e+01 2.535401666577443791e+01 2.029355058109193521e+01
5.285062116089964945e+01 2.145496849757498481e+01 2.768071661466966304e+01
4.471036815709388179e+01 3.463730228419374413e+01 2.992755999969680403e+01
5.030482876893148614e+01 8.934833296201206920e+00 2.344730950105238065e+01
1.600183117978527392e+01 3.146901217510802340e+01 3.681895493361400895e+01
2.291213661620629694e+01 1.080470617038043990e+01 3.645497623864854120e+01
4.210159896692299952e+01 3.422755340773663590e+01 2.799426878261988705e+01
4.961907155004410441e+01 1.820931312463906693e+01 2.185982298167419913e+01
1.677981348261775096e+01 3.469574827418448848e+01 4.004111938639184132e+01
3.079684036384583834e+01 1.366303803359596714e+01 4.118385766801112879e+01
2.454795898856165692e+01 7.637339444025801782e+00 3.767778765262837481e+01
1.755514706462867736e+01 5.277456105147685861e+01 2.864115847732966103e+01
4.011474868538037697e+01 1.390176542493438916e+01 2.700473919664910483e+01
3.984353554398216346e+01 1.586061397737973166e+01 2.369791922829199393e+01
3.345140252582060469e+01 2.088144649127712427e+01 4.264969146698938829e+01
3.550579954059737986e+01 1.541902414490136053e+01 3.882720134687036762e+01
4.588772808334000786e+01 3.076601885696661753e+01 3.896619794958145633e+01
3.025684942613792217e+01 1.335679017323893447e+01 2.770213161907866706e+01
3.346938426530290656e+01 3.704495961108811741e+01 3.423583496927044223e+01
2.240903721423985928e+01 3.810958879279029077e+01 2.407285710732026374e+01
2.194952713045043780e+01 4.700490275235738125e+01 2.612412203224594265e+01
4.280590526776941829e+01 1.636886865526503598e+01 4.073868958866064105e+01
2.101749663859726880e+01 4.623317676369229190e+01 1.915173733617768193e+01
1.556035258193277215e+01 4.211908933548539125e+01 2.288000268060734044e+01
4.200167877170307662e+01 2.474140741585753744e+01 2.102503678277074783e+01
1.368072223437403245e+01 4.191182839277659866e+01 3.999426681869505984e+01
3.274074401431802528e+01 3.057134725286330479e+01 4.063891610090669815e+01
4.994330088285091307e+01 2.939176907357929025e+01 2.468904457796644891e+01
3.013969115250754882e+01 8.748916183484665154e+00 2.646354721774920549e+01
2.362920333954890140e+01 1.652076416045218821e+01 4.201694788043678841e+01
4.487181674552063271e+01 1.276630356443960501e+01 2.865788373894841357e+01
2.746543481005159038e+01 4.130339846966364803e+01 3.069230594388915279e+01
3.163388877282249467e+01 1.452255535204626113e+01 3.212721851365569137e+01
1.599532115965022072e+01 4.759504487552960939e+01 2.109845380865059639e+01
4.689333136523498524e+01 1.663133748548063551e+01 2.147536497635711328e+01
2.061407457295734247e+01 2.308666933310232849e+01 2.678952113199310503e+01
5.326014065852063339e+01 2.875802231263737951e+01 3.296501956423647783e+01
2.224905546366141351e+01 1.567281055596962425e+01 2.279425900440873676e+01
9.916464642070542013e+00 4.362023268892144046e+01 3.436441870215732308e+01
1.883220190132135841e+01 5.367591671593407909e+01 3.525893647900489469e+01
2.469092541037768029e+01 3.361361647395825969e+01 2.579325914523517937e+01
2.599208201049767553e+01 1.932329387028644874e+01 4.267059321985512810e+01
2.806225545646127983e+01 3.088870990929344984e+01 4.042865119727414935e+01
5.212912712933344750e+01 1.400309696851709873e+01 3.521243539536733635e+01
5.133385683849066794e+01 3.150278481586403245e+01 3.125153646640391614e+01
2.170552769151138506e+01 4.726331889447634893e+01 2.165746027192225753e+01
1.601447904130876410e+01 4.204226200573062755e+01 4.009937701235806173e+01
1.950479616665539950e+01 2.582081457612378372e+01 2.891104103595721853e+01
4.334865079117922448e+01 1.399175028610749649e+01 2.658333581546245483e+01
3.898326165363299367e+01 2.669996662898327600e+01 2.111111490361665233e+01
2.868761745803078611e+01 1.507822352688198819e+01 3.095546621841459256e+01
1.227005210870282426e+01 4.763137143809291274e+01 2.554577856071999520e+01
1.131665406838399335e+01 4.561747083988996110e+01 3.744375837731952572e+01
1.992726407943163025e+01 2.547170558228662784e+01 3.518257574967140755e+01
5.245343655696159146e+01 1.399242209151496752e+01 2.642997662498570932e+01
6.604919894858003460e+00 3.749422567760436920e+01 2.746053158512351189e+01
2.020713581268999093e+01 3.429931330632786057e+01 2.518214847189520711e+01
1.951878997170931740e+01 5.024896850959640915e+01 3.676206647134340244e+01
5.130075662734260789e+01 1.805451799774633770e+01 3.092576796766246972e+01
1.877507211360611805e+01 4.110164753643012858e+01 2.288161036448354935e+01
4.736309182956570396e+01 2.331475530544337360e+01 4.132369572044267159e+01
5.149429559729628636e+01 2.819194718066874827e+01 3.730005249402832845e+01
1.376452720270054364e+01 3.879573785776776873e+01 2.209309680098353823e+01
1.661675401603805113e+01 4.539091115569747359e+01 2.273436413382166776e+01
4.103726233650877475e+01 2.206947886147786164e+01 4.205682068102862559e+01
4.042479378031695347e+01 2.234555317937783059e+01 2.090120900076804489e+01
4.313540289880823053e+01 3.334246772200759779e+01 3.650177174242035250e+01
2.465285901744579178e+01 2.373969522099997675e+01 2.140596703088689878e+01
2.205235838673514692e+01 2.643539835294311047e+01 3.866303119230701668e+01
8.312790488679802081e+00 4.081535887040798372e+01 2.974983317495881607e+01
2.544721591782125714e+01 3.747919936236915817e+01 3.650435733579907094e+01
2.452442690104274448e+01 2.685959554660845683e+01 4.079395462030191766e+01
2.189712113751832945e+01 1.947819576078027382e+01 3.283886017451659711e+01
9.209079408942328016e+00 3.978797668713548319e+01 2.393018076841248742e+01
2.580413056861036125e+01 1.372804785830155261e+01 4.274603096414286085e+01
5.024185723658277425e+01 1.223731641872223364e+01 2.959645056960445686e+01
3.972393643816814546e+01 3.467239266799171560e+01 2.842089656397999775e+01
4.670295969448213924e+01 2.677081832673576400e+01 2.181786863979767688e+01
1.825055381823506551e+01 4.723433703849333654e+01 4.450158156019216449e+01
1.087885677939876317e+01 3.097805293327989773e+01 2.898563969370748339e+01
5.240165110236884516e+01 1.941387911265292843e+01 3.657722283457440682e+01
2.150292282686180911e+01 2.182077877815338951e+01 2.529760501187648103e+01
2.878408285282378998e+01 7.786218850083471921e+00 3.619411916559057829e+01
2.440288008363527794e+01 9.278483380394829894e+00 2.222761383903902299e+01
5.231988119720894304e+01 1.789943459749482457e+01 3.500690695356309590e+01
2.498674213596369498e+01 3.570630139774100797e+01 2.639569876733139608e+01
4.323913198081773146e+01 2.936559640359524437e+01 2.257809516157746899e+01
5.033522860753981121e+01 8.248629365648142198e+00 3.910199139092754450e+01
5.338288135800027590e+01 2.171951828934740192e+01 3.006440969149073084e+01
4.790434273153999101e+01 6.899267139632803136e+00 3.664687583284239025e+01
4.690232264066560930e+01 3.313843858033908418e+01 3.580265671906453662e+01
3.215822013667122548e+01 1.484147832954613833e+01 2.543875133741440564e+01
1.845470095577312719e+01 4.972742648392228659e+01 3.872668891982067407e+01
7.840705846473415619e+00 3.618183317332596971e+01 2.356228265888646689e+01
2.200120272233946750e+01 1.943745295162789688e+01 2.549052228778605667e+01
9.368332139199669228e+00 3.326828889647958931e+01 3.927730191408325311e+01
1.995393346330251561e+01 3.861664427863058080e+01 4.004794192017040899e+01
1.247916044720447815e+01 3.883155805244786762e+01 4.080283780561196494e+01
2.644546807444236336e+01 3.085711614543937387e+01 2.304602774812804711e+01
1.728208272885173713e+01 5.244376696041658192e+01 2.478561690353120639e+01
1.019168259297236645e+01 4.403540184796916179e+01 2.732518336514266011e+01
8.795477265450298177e+00 3.232465004217104365e+01 2.784416976258109955e+01
4.455602222119527767e+01 3.291137551503391734e+01 2.577879204456338158e+01
3.926524623248594992e+01 3.320771664784976451e+01 3.729144787658077576e+01
3.487496486678879393e+01 2.576881026191886193e+01 4.241197079175508122e+01
5.345416643848778193e+01 2.205395280248471224e+01 3.325551673515367668e+01
3.831997037719102650e+01 1.273587946096449564e+01 2.938374350087960352e+01
1.498674282847932915e+01 3.051271088098458506e+01 3.358284519960394476e+01
2.799700824692673962e+01 1.283947373655646906e+01 2.053912675148190914e+01
2.219235366019941935e+01 4.712481680023901021e+01 3.591922812141297783e+01
1.584100819964969986e+01 3.637424421805887675e+01 4.085163941532697862e+01
3.430272009256843546e+01 1.751586849992653327e+01 2.156937304792324994e+01
1.148643219347383138e+01 3.070525195699298138e+01 3.094255041689661212e+01
2.352132249740694192e+01 4.035093394713142345e+01 2.425847742166043020e+01
3.737278760396492316e+01 3.250641108727415940e+01 3.851287610925491833e+01
2.274959309792260242e+01 1.456019106195323154e+01 2.709483615563849668e+01
8.780660088333020141e+00 4.090281085362489932e+01 2.624613414439627945e+01
3.054551718144182715e+01 1.419163527541434178e+01 2.162528527697362080e+01
1.616548914840112872e+01 5.169691388935834908e+01 3.120537961298113316e+01
4.504853293680183413e+01 2.199776304940881033e+01 4.173292365887943589e+01
3.493161518093626228e+01 3.615931442657958428e+01 2.687134972395914545e+01
