1.699783526715959425e+01 4.691545960500823043e+01 1.978706240256341076e+01
4.866435922847168172e+01 2.410528006290473968e+01 2.215417010524828356e+01
4.085283238842177411e+01 1.411793750802484659e+01 3.611144157407261446e+01
2.702969123385159378e+01 2.226947631277141326e+01 4.249880197958969319e+01
4.129425061373940764e+01 1.411548446176877292e+01 3.581298399551697287e+01
3.892887080200475225e+01 2.268445477451982129e+01 4.231546186782079388e+01
4.850318087934363120e+01 7.209539071857610892e+00 2.513699961582615572e+01
5.214785850525508692e+01 9.495222923756324818e+00 3.679473881145422354e+01
2.993796233643527671e+01 8.413323721360374208e+00 2.376712406889134144e+01
5.166614074510681576e+01 1.835758667290132706e+01 3.255128666409255089e+01
5.147832521698603614e+01 1.765024256125930080e+01 3.312945171590217797e+01
1.954406367577279013e+01 4.977172278490102997e+01 2.158027682915097500e+01
1.754230421339072166e+01 3.176533564556416067e+01 3.622444881488011248e+01
2.357654903114345402e+01 4.521315186541626474e+01 2.629594324096971292e+01
3.153151275206845838e+01 1.228623702598562772e+01 2.536475208507896184e+01
3.960605496201415576e+01 1.532287308431839712e+01 2.474525531336177053e+01
2.805063829847798473e+01 2.956007958138758696e+01 2.180317424634492696e+01
1.192397175297298695e+01 4.895999462206615505e+01 3.027454422334996309e+01
3.209487818090273947e+01 3.711488805797240786e+01 2.732621487556214035e+01
9.599260950127401770e+00 3.353019756613681324e+01 2.357643310543100412e+01
4.930856497834058416e+01 1.137828403796902599e+01 2.194605014280280386e+01
4.383457123468478756e+01 1.271137113678645392e+01 3.884154106674807849e+01
1.375229204186298837e+01 3.522976079545469474e+01 2.205465276950299014e+01
5.080396709589147974e+01 7.893926052477446831e+00 2.562197958642768825e+01
3.417500008658475963e+01 2.914717088228167086e+01 4.130654685895733280e+01
1.211990237407925974e+01 4.881914097080708359e+01 3.450244217839469485e+01
2.024543420571364649e+01 2.308746371888521765e+01 3.544427257935174680e+01
1.937873809924234081e+01 2.766904952655477246e+01 3.397583944726715544e+01
2.352823257221261244e+01 9.271716358542672509e+00 2.309387397351827076e+01
1.982799422582017002e+01 3.641722332306078869e+01 2.354816993187993290e+01
3.110390581547639144e+01 1.010460532458476735e+01 2.433374848298621629e+01
5.417931505111953072e+01 2.418588967271679735e+01 3.128108842904673992e+01
3.634110181668634709e+01 1.693708154600444615e+01 2.188655690177139235e+01
2.630836697047125838e+01 4.495346064283428689e+01 3.184948659356603429e+01
1.872434842571768954e+01 3.336662036526085018e+01 3.796662540026874666e+01
5.231818849343763844e+01 1.713239818577604723e+01 2.705457381390105454e+01
5.240386717612351219e+01 2.551889140702530057e+01 2.574159051664495479e+01
1.348547739757953146e+01 4.374338612683970950e+01 3.947642375937426351e+01
2.614029437934804179e+01 4.349160058287237973e+01 3.479001118649262736e+01
5.031962633981840582e+01 1.542244300040836258e+01 4.096810310251947129e+01
1.884828993992761070e+01 3.096115564029378575e+01 3.457848372020183092e+01
3.177829242497020701e+01 1.449375620463820624e+01 3.102267168300285505e+01
1.798925442959161458e+01 4.545282238516657003e+01 2.050057430223399990e+01
2.911451856564232088e+01 1.201502317739922532e+01 2.116198136300734234e+01
1.383483170412424101e+01 3.054878629201975571e+01 2.851757185226270863e+01
2.094420369290661199e+01 4.393330151154866314e+01 2.284428408919742992e+01
1.824985692270156790e+01 4.823860590313265106e+01 4.446160455959640245e+01
2.241721387680228617e+01 2.027856189238958251e+01 2.292439866589969455e+01
3.667662728033207742e+01 1.707893542958847277e+01 2.177581518820597850e+01
2.599379510007791794e+01 7.243149882741178658e+00 2.485742758565285015e+01
3.157126622949426675e+01 1.178671672837441342e+01 3.901147650840235315e+01
3.619238102630310294e+01 2.319201752990094434e+01 2.047250996644988774e+01
1.814389805420679025e+01 4.586766028395834383e+01 1.981141703933337439e+01
2.306618241672170910e+01 2.183541822254378317e+01 4.084419191432681373e+01
5.210949378579599056e+01 1.443855365035408234e+01 2.782796945133889821e+01
2.464431142417117826e+01 4.488296128960203646e+01 3.559948160112649873e+01
2.275905950117376264e+01 4.534568464719790626e+01 3.748574529000009647e+01
2.208973123998464771e+01 1.934189381654319462e+01 3.909581016727396729e+01
2.415555808336643651e+01 2.859839336271023669e+01 3.976635494111786784e+01
2.350572418131793029e+01 2.531178694244229632e+01 4.049032494349018663e+01
3.937783843625065572e+01 1.630563593777810638e+01 2.283910857596030297e+01
4.566303801583136845e+01 8.226388691163645461e+00 2.458879537619026934e+01
2.327926615371885077e+01 4.704524679634628370e+01 2.822384799453838866e+01
1.020413463694473144e+01 4.324027237825889358e+01 2.589487369150151608e+01
4.197309189097544646e+01 3.015260548177980837e+01 2.304256642090373575e+01
6.883993192283627494e+00 3.537811921714551744e+01 2.641746482202119850e+01
1.585393044163425280e+01 3.191667207114150528e+01 3.768404338587586011e+01
5.231145310007100591e+01 1.050463411686195236e+01 3.745212054264042933e+01
2.806989004941047483e+01 1.105434252587919275e+01 2.095570435921899133e+01
7.145951134422925399e+00 3.916564813864889771e+01 3.224569773515448645e+01
3.981109389724219483e+01 1.525753729371611911e+01 2.489937524046658268e+01
4.353342022264934030e+01 1.404993075163076455e+01 3.281502244670578250e+01
3.390688138460170364e+01 1.460232844982101952e+01 2.700418896019915138e+01
5.355581671852741010e+01 2.757601584097762171e+01 3.422881453982470390e+01
4.259186276068741961e+01 3.230253350996824935e+01 3.793283208655358862e+01
4.303578720748328834e+01 2.790630048911370409e+01 4.110496126809258755e+01
1.450961793182783488e+01 3.829822173439811195e+01 4.098741926082390563e+01
2.671834131741452723e+01 3.859500179583476864e+01 3.473252237955465205e+01
3.051670255556899036e+01 1.073522305427238166e+01 2.720380100182989125e+01
1.822110041436548045e+01 3.014832877432663594e+01 3.265457202440983053e+01
1.389006735341540022e+01 3.038273654692813253e+01 3.025615474885722378e+01
5.105655683527168520e+01 1.157856688649632915e+01 2.269011267302692403e+01
4.641201723142575020e+01 1.020927569908904431e+01 2.913416690170085133e+01
3.172706317124193021e+01 1.453367097050729484e+01 2.630549596738348583e+01
1.087933299735508363e+01 3.094986889821936060e+01 3.451624311343693563e+01
7.398232581142870856e+00 3.362616121433180183e+01 3.472577557741709597e+01
1.475204031418103057e+01 3.653708163327547709e+01 2.194324700904378034e+01
5.212070624529656726e+01 1.523085077953577660e+01 3.519702442631199091e+01
2.674084842079281188e+01 6.956022282509197296e+00 3.802870849065524794e+01
1.707226875340645122e+01 3.078286429892592935e+01 3.009445051638489588e+01
2.101599131713045665e+01 2.259697640615251046e+01 2.614909578936973489e+01
5.231879376259963976e+01 1.288248456268830999e+01 2.720038083522480576e+01
1.646864544573601563e+01 4.665903824062717575e+01 4.248230240309634098e+01
3.877133423992309957e+01 3.360786647487827139e+01 3.699512893304132177e+01
2.214578412720464939e+01 1.876510097407498989e+01 3.678324335278406920e+01
3.601991992943690946e+01 3.604334775590086082e+01 3.481989485177196286e+01
1.940941263545059314e+01 5.125346984296864150e+01 2.649538024412839121e+01
2.212650973845396507e+01 1.939948833509252069e+01 2.715968822378726699e+01
3.097079599531438632e+01 1.124386793234391035e+01 2.670037262844410009e+01
2.394183947165773674e+01 1.272183588549278177e+01 2.826138438067363623e+01
2.441591523198484026e+01 1.788028212225042068e+01 2.063001614536364769e+01
3.095685632933509268e+01 9.226565053293578345e+00 3.757299588012217129e+01
1.439122550699565295e+01 5.100537646715947915e+01 2.867913704036176981e+01
3.570187235041789364e+01 2.828753128031562980e+01 4.149088899142142139e+01
4.716998002287803615e+01 2.463189566294568067e+01 2.164549901350716254e+01
4.498104664934521679e+01 1.400512606813828498e+01 4.060809537849706885e+01
2.610837387504090756e+01 2.630409071737057047e+01 2.125951318732309758e+01
4.891615861987166625e+01 8.281355299635308143e+00 3.996478395303564213e+01
1.629147461268134833e+01 3.104798782317429939e+01 2.821072939451614303e+01
2.800836039536253708e+01 3.755716665986858516e+01 2.925520417108106130e+01
4.078865014583722370e+01 2.851351000336375208e+01 4.089103948557115586e+01
3.564238114613498709e+01 3.000793209713119580e+01 4.061531817590874738e+01
5.232198888519496904e+01 1.837430958826192651e+01 2.614562589939671255e+01
4.406571824347895472e+01 2.688514794392427731e+01 4.139513789088137941e+01
1.191517368601084392e+01 3.067297630568100075e+01 3.480099921441167510e+01
4.991816694275915722e+01 2.003679857436985401e+01 4.062993044366471906e+01
3.093312339071091444e+01 1.223766415302961441e+01 3.614295149256489736e+01
1.973451192866831860e+01 2.755728189576709752e+01 3.467021846033818377e+01
8.622066242433840344e+00 3.505634171133891641e+01 3.997768680403234498e+01
2.441606325420113421e+01 1.484797228645589051e+01 4.242762194151846700e+01
2.577244656477278539e+01 1.248946245518364506e+01 3.400212254296427972e+01
2.833005191682745760e+01 3.486309017172627023e+01 3.797893375857677967e+01
2.721479566774268122e+01 1.612654057553234921e+01 4.283363152103527938e+01
2.646553480939532221e+01 1.534423522418028440e+01 3.346320446922287317e+01
3.312759668715412431e+01 2.161689522537845676e+01 2.032931905357018820e+01
5.241540367311888815e+01 1.922290743728346740e+01 3.328465195850295544e+01
2.431940943366448948e+01 4.496309930707572278e+01 2.692979964307039253e+01
2.100792239902052216e+01 2.259165797248434870e+01 2.618237280143652512e+01
1.637696837332904209e+01 5.219347846670690672e+01 2.535093815429878106e+01
2.107569582954486975e+01 4.793163246398044919e+01 4.356056283316802080e+01
2.593369425740138823e+01 3.402709926124356343e+01 3.754331035198769939e+01
4.988842092481318957e+01 2.130361877998926445e+01 4.038913832821245364e+01
3.366912466438724039e+01 2.745610275767544550e+01 2.087414233333229063e+01
2.054383464530336312e+01 3.317534136792697552e+01 2.626929822972939732e+01
2.292664098036447839e+01 1.783846182464670704e+01 2.797315416044204994e+01
3.196256159324230595e+01 2.047090980684532013e+01 4.266423521464376734e+01
3.710808903054720531e+01 3.132899040634880805e+01 2.340488401293911025e+01
4.444913194644276899e+01 3.236116765314385191e+01 3.763969290157662329e+01
3.587927020626795382e+01 1.969562455277610979e+01 2.065192283339745316e+01
4.916139333184815996e+01 3.262691777540054971e+01 3.470762435850907934e+01
1.379702712003711440e+01 4.653535298081639127e+01 3.886790321589082708e+01
4.386393622316352037e+01 3.424419767028167882e+01 2.811840570513459170e+01
2.007075977609627770e+01 2.292174149999047472e+01 2.830715141702733106e+01
2.171942923290056982e+01 2.053268157880230049e+01 2.629859940226231885e+01
1.795626649172433176e+01 4.049894229170766380e+01 2.263629961844058514e+01
3.962232038622841657e+01 2.686447176681875959e+01 4.170140748654192464e+01
1.981916661528093826e+01 3.131099043786908709e+01 2.747419075218292761e+01
2.385441110597576042e+01 2.242300200596417170e+01 4.137178062059540906e+01
2.866085541901498956e+01 7.380633623135080867e+00 3.710958277099557989e+01
1.100606258356158484e+01 4.462087975931569162e+01 3.764915618942441000e+01
4.976828483003594528e+01 1.198324883784461292e+01 4.107394453925332556e+01
2.216036303604068891e+01 2.844270344508008819e+01 2.507244622146961888e+01
3.354231865393860090e+01 2.698233077265590296e+01 4.219238171636474277e+01
3.649672425181891100e+01 2.303254973836273223e+01 4.251600799465265368e+01
2.268709116665789338e+01 1.165383639766444013e+01 4.030255993840012252e+01
2.811634537311476123e+01 2.720292112752895264e+01 2.088290945228813200e+01
3.400916266184472647e+01 1.482921687595106341e+01 3.688396348405587588e+01
4.208275391069649629e+01 2.238340264988367778e+01 2.105018932327917014e+01
1.929712565494791932e+01 5.348638497607899467e+01 2.716360651125622994e+01
4.318919896929683233e+01 1.421783478911617138e+01 3.861121075192196628e+01
4.467838575037147564e+01 3.428690293544144652e+01 3.420454128240145053e+01
6.871538107668395234e+00 3.642092591019445535e+01 2.550503079395537753e+01
9.275798927802831884e+00 4.101010081941872443e+01 3.755184829661393309e+01
5.016391989273525098e+01 1.204220177682354809e+01 2.208547968855761212e+01
1.042983227982904815e+01 4.507604814571480034e+01 3.436058900002845462e+01
4.383342448337113240e+01 1.186424794540487682e+01 3.819168040845207912e+01
3.241119425233343065e+01 2.699865825606510583e+01 2.065329025296571430e+01
2.313283654733482564e+01 2.131026721663153722e+01 2.196928014532512208e+01
4.002823054645873668e+01 2.204842794373427139e+01 4.216216232072100212e+01
1.708942967352912490e+01 4.335545698064024123e+01 3.983182646634998036e+01
2.991764259648240198e+01 1.456975504295682455e+01 4.191471438187593890e+01
2.619813695563248146e+01 1.588084274820551656e+01 2.019241096302921790e+01
2.740454041632664328e+01 3.088214543594886052e+01 2.262801441365073174e+01
4.401507578951511590e+01 2.659416217296787011e+01 2.146824781853991837e+01
2.198986207018094419e+01 4.643344721562109356e+01 3.794909156025713770e+01
5.051562709004839036e+01 2.911514906701285810e+01 2.504336039120346769e+01
2.436807558223959802e+01 1.194783155621392012e+01 2.846194206664955928e+01
2.209706833587149788e+01 1.533501093910730617e+01 3.972217262200392440e+01
5.306415855631482259e+01 2.697853310160122930e+01 2.724751340535125976e+01
1.926845004063393318e+01 2.994874715894806627e+01 3.421768078011739789e+01
2.218414240667176074e+01 3.548560549381978291e+01 3.776669077255808560e+01
2.462816811512501758e+01 1.707859148479651523e+01 3.287265677052258894e+01
4.453933398827700785e+01 2.069949363569005385e+01 4.172779807178319089e+01
7.140916591573356342e+00 3.483736069817683045e+01 2.592488687174065021e+01
1.410481748040221106e+01 4.426453910379491674e+01 2.348035114679167279e+01
1.522123389805627980e+01 4.310880013769551056e+01 2.312063778262191960e+01
4.197814826324869131e+01 2.723906299521445717e+01 2.149095017439055155e+01
3.131228609658820972e+01 1.491107058785168249e+01 3.496911503106298369e+01
5.034690046758885273e+01 1.238240478443343306e+01 4.086993562890759080e+01
2.520139350278199686e+01 3.855606527705106856e+01 2.591411715636779434e+01
5.260807590227364017e+01 1.989959235631041423e+01 2.787068126437681315e+01
4.839792212142685912e+01 9.099355442986126974e+00 2.923204413154333992e+01
3.342271444481087173e+01 1.374993634607298354e+01 3.201605183335760074e+01
1.446497163244555040e+01 3.848247381694932301e+01 4.095313940628486193e+01
2.635547160801210964e+01 8.055277784436107424e+00 3.517240094881410073e+01
3.523180639045518348e+01 3.007347234934356806e+01 4.063907911685666363e+01
1.296665373751442019e+01 3.113712233226385351e+01 3.767876423411477305e+01
1.990518869730719231e+01 4.938721313819233671e+01 4.023289407140957508e+01
3.708472362911285813e+01 1.523756143445340783e+01 3.877985678813141845e+01
3.339626111005116371e+01 2.387958283887805422e+01 2.025094781120247234e+01
3.680484899481940886e+01 1.369021993603210774e+01 2.689687911620919891e+01
4.190786432064830080e+01 1.456220377768905827e+01 2.701900723617116995e+01
1.153289599435595214e+01 4.685871571319724183e+01 3.638276766987204525e+01
2.136774524310988710e+01 4.795509508356376926e+01 2.246167937379659207e+01
4.622189981373588807e+01 1.077467237956666857e+01 3.377926953095861506e+01
3.089505163206757743e+01 3.750068505418983023e+01 3.261928287775669588e+01
5.309035864291901419e+01 2.874014170494618270e+01 3.343588484518182469e+01
2.879944726170547398e+01 2.864254703918820510e+01 4.157005411882745705e+01
2.198440308236937568e+01 1.963183440117721545e+01 2.614608032449910269e+01
3.024352200457014561e+01 8.856145602470153477e+00 2.370237616373162126e+01
1.649030825953417434e+01 3.166621639562714563e+01 3.683091865428016121e+01
3.733360391027795799e+01 1.285446018886804254e+01 3.422519952489491857e+01
8.098384842569704034e+00 3.935255819679611022e+01 3.760912269150538378e+01
1.269642045256759744e+01 4.222678929291324579e+01 3.969279379522294704e+01
3.700833277749596562e+01 3.070307835762536541e+01 2.294964723463558443e+01
4.547186428785492041e+01 1.043258083919971568e+01 4.006155217505560984e+01
2.109184348312832924e+01 4.836558501935958532e+01 2.277105481924424879e+01
3.791952554127583142e+01 2.409416356136619086e+01 4.235818898753542072e+01
2.269271901529299384e+01 2.193291759976145627e+01 2.266566219100108981e+01
3.908101538963148158e+01 3.522180452461275735e+01 3.064849310830234685e+01
4.715596531212785436e+01 1.147031241663473544e+01 4.117214783146614110e+01
2.065333858481894680e+01 4.871146581866750580e+01 4.292625648390328763e+01
1.159058804262711462e+01 4.816076902727675701e+01 3.285040290574754351e+01
3.641544770591914926e+01 1.477085256059094576e+01 2.538115938896631718e+01
2.724619458340309919e+01 2.898018972234121193e+01 4.113560579463136690e+01
2.645397894573001096e+01 8.511410989332278021e+00 2.809592738282577784e+01
5.165663374701308186e+01 1.078859934184056968e+01 3.933989276799077572e+01
4.753868150501428147e+01 2.967698844343020426e+01 2.343540104105999688e+01
9.181194333553653664e+00 3.179934644945764433e+01 3.022216274034316541e+01
1.896640890274859714e+01 3.115490724959428093e+01 2.824427393900399963e+01
1.914918610804242149e+01 2.459266239389208408e+01 3.142464213696783304e+01
2.248157177972061049e+01 4.222840788979705451e+01 3.890308849334788022e+01
3.797490313949451490e+01 3.388570726786229415e+01 3.698489415723998519e+01
4.658798634888027834e+01 2.846050178171513423e+01 4.041488757188037084e+01
2.055239618697385851e+01 2.845126153540344660e+01 2.714421797990603125e+01
4.188720451570939929e+01 2.391704198420770311e+01 4.204825020783768252e+01
1.602602075535572723e+01 5.354691482932278035e+01 3.681617744731900643e+01
3.301509705247243431e+01 3.728952153197728592e+01 3.243164157503866818e+01
2.069610366585072470e+01 4.832513671462963600e+01 4.375917909267101891e+01
2.863774046514501848e+01 1.125890328562723042e+01 4.200400963513965280e+01
4.648758049460778352e+01 1.938296978605013621e+01 2.145371572870401877e+01
1.897916843085655003e+01 5.257023552981256387e+01 2.839296674494817907e+01
3.754482733306291209e+01 2.176135220423505601e+01 4.238895376180926178e+01
5.064653730637314766e+01 2.582952439754276242e+01 3.936758281531483306e+01
2.615741587262071022e+01 3.467352024124819110e+01 2.567422843667300114e+01
2.008289965228286889e+01 4.942693943895639563e+01 1.943987175114957111e+01
2.053957604110860302e+01 2.177311451586069424e+01 3.460853195706920360e+01
4.793067509572745166e+01 1.986131682018537958e+01 4.130875757947292470e+01
1.696977970169084671e+01 3.436478846318049563e+01 2.342152721230971935e+01
4.896769565120041534e+01 2.126928961292473730e+01 4.083321241676134150e+01
1.635334404339794290e+01 3.085792084632215193e+01 2.925754543148298481e+01
4.057431298096029337e+01 3.488964121726151291e+01 3.117646940129406374e+01
2.908866002640330350e+01 1.507772991067075097e+01 3.398690925788388739e+01
1.916963255419455692e+01 4.080352197246509860e+01 2.289958168101866676e+01
2.807314890628923720e+01 3.688559797585983091e+01 2.717984984029010320e+01
5.153563831233349646e+01 2.960048161592714422e+01 2.702973260955121759e+01
2.017280398797372243e+01 5.025788335057103495e+01 2.741859114991546065e+01
1.460415512838680918e+01 3.092960911866774865e+01 3.644724211432119887e+01
2.966113231431636521e+01 3.749424069950448768e+01 2.908735777941880585e+01
3.756748000377641006e+01 1.673990446709414215e+01 4.116760147240708534e+01
2.074746972266402878e+01 2.108453406990848933e+01 2.930912212893354507e+01
2.352422643644440825e+01 1.380114533571367375e+01 2.802216970519571149e+01
1.042252348390854344e+01 3.141540488187432345e+01 3.655914250830458201e+01
1.753352350174933605e+01 3.280663638606417010e+01 3.800545706396166423e+01
3.041083486920720702e+01 3.684081411048569521e+01 3.617310208865321641e+01
2.914265195708753708e+01 9.676662036559745772e+00 4.124853302614772588e+01
3.143523411816213198e+01 1.312510817193298784e+01 2.600592589317452052e+01
4.035226158156386589e+01 3.125923542300295566e+01 2.383088389933104878e+01
4.738208748665454095e+01 1.984020520772939733e+01 4.139938258858516207e+01
3.522063311509238304e+01 3.293356063824451496e+01 2.403811296981012902e+01
1.014771298063596916e+01 3.140548992728344047e+01 2.823918731184756226e+01
1.605638104342935080e+01 5.319230833342511033e+01 3.730202106931393047e+01
2.473137475012934416e+01 4.324449548091224926e+01 2.598225981308608823e+01
2.303068844253444780e+01 1.825322249806790254e+01 3.401266735286678511e+01
3.389618044270474684e+01 1.468313348514286432e+01 2.684902697118220161e+01
4.112329065123906702e+01 2.304848563364419434e+01 2.094256649746244037e+01
2.088315172038143785e+01 2.699449820949877932e+01 2.616758539997785959e+01
2.377740873110146680e+01 2.570637341526479958e+01 2.232881343148369169e+01
8.650470163154253100e+00 3.251033317797624989e+01 2.747039970941277787e+01
1.881772440219035047e+01 3.857782897860011673e+01 2.264971200785673489e+01
1.494675844660647357e+01 5.132988865733425854e+01 2.924295963769444029e+01
4.473839966139075841e+01 1.398530963829038853e+01 3.383172751556581659e+01
3.086877946926461647e+01 9.592379620536330975e+00 2.607652528267889380e+01
3.297021465260749551e+01 2.768997368076959731e+01 4.194650249705512834e+01
4.678029212015422189e+01 3.175316742718701946e+01 3.763977537786756500e+01
3.323988564365176757e+01 1.514135078068927776e+01 2.628138762209036017e+01
1.904814679920591658e+01 3.656857494681491971e+01 2.308840736467212551e+01
4.246046721583600458e+01 3.070614680535472374e+01 2.345594805923688142e+01
4.988116395635037748e+01 1.330417414278134380e+01 4.119018096136031915e+01
5.206498427407744600e+01 1.886444172573275679e+01 3.200955147929307287e+01
3.288015155569328840e+01 1.442138438503482334e+01 3.455548399926792058e+01
4.413032974989565815e+01 1.350305774357471300e+01 3.968809306673349369e+01
5.167448215718627580e+01 1.256513801878257652e+01 3.452367762676666274e+01
5.180780792745377994e+01 3.069085411794174689e+01 3.319897674739602422e+01
1.485711850735428285e+01 4.063107710042893927e+01 2.249770482862991727e+01
3.037902158330820157e+01 3.291203440495587529e+01 3.960582772016174147e+01
2.682215823019899048e+01 4.310882184293073038e+01 2.950788383117873792e+01
5.410106418607756495e+01 2.423089591941739229e+01 3.240768429051936295e+01
2.725425933892506691e+01 3.509032198283851756e+01 3.735826294458959751e+01
5.014222274618074238e+01 7.921029453330842074e+00 3.505135519836932190e+01
3.608536962025250716e+01 1.283906784691163594e+01 3.319422638137439208e+01
9.993988134514825816e+00 4.256889146053060813e+01 2.569829693796434356e+01
1.798339586946816837e+01 3.305891211492574655e+01 3.806820680298564952e+01
3.269641220899604406e+01 3.568849250001502327e+01 2.533671747945486885e+01
1.655908254856164774e+01 3.188341193595672252e+01 2.611543662767847351e+01
4.169629442463720892e+01 3.182649838251162677e+01 2.439530011531253706e+01
3.932986628993953104e+01 2.329882762318267453e+01 4.228478718220666366e+01
5.199369502360121942e+01 1.211120473558606214e+01 3.909246482649057697e+01
2.647843528168461091e+01 4.277644495874118036e+01 3.486401248461945812e+01
5.115432002102260611e+01 1.935075202768555869e+01 3.983198630361238912e+01
1.717857007227912547e+01 4.951811376804315046e+01 2.419001027113525737e+01
3.738112414603436662e+01 2.465132447548403150e+01 2.063035754184951998e+01
3.744514690934612133e+01 2.833215585781617563e+01 4.124503402075979608e+01
3.198655853719041886e+01 1.513858435082654452e+01 2.324119191014553820e+01
2.817186159866407635e+01 1.516887860380131414e+01 3.191277642917052759e+01
2.706296689070023120e+01 3.441839282116682597e+01 3.781936510678072949e+01
5.352442517670014865e+01 2.709377084297340588e+01 3.476247682115909754e+01
2.213726960414591360e+01 4.603065420704125188e+01 2.398715957244999331e+01
4.320911667251232302e+01 2.067935965792183595e+01 4.180964171828712495e+01
5.224755660020390735e+01 1.737695717069297885e+01 2.541220877658585309e+01
5.288428364015679506e+01 2.507091836883353508e+01 2.664259507559308560e+01
1.462033875799819960e+01 4.849368138708046416e+01 2.467477378757752504e+01
2.121756636705838872e+01 2.313653075348696575e+01 3.775139688059296361e+01
1.968640442825143211e+01 2.653312148442471852e+01 3.463417608759370125e+01
1.837751000253205547e+01 2.996468551674290026e+01 3.280953222842471462e+01
4.114685384191176354e+01 2.728220242394347750e+01 4.145406679086049451e+01
4.490321517297662979e+01 9.605211949659599568e+00 3.904767931472567000e+01
2.699239138486385770e+01 4.199242700314265875e+01 2.862616389742592915e+01
2.315789384502834025e+01 1.247646605803766207e+01 2.736649069955835500e+01
1.881237665172615436e+01 5.383224775325424361e+01 2.775947089594097150e+01
3.145134543257771753e+01 1.425547549682266002e+01 2.652702838711217836e+01
4.891849906457989050e+01 1.408356024209992619e+01 4.145755965727718007e+01
3.191468509481291704e+01 1.419326169741216148e+01 2.506148646732058083e+01
1.945796330920224904e+01 4.181093885307974745e+01 3.983373199098885209e+01
4.233720028408531988e+01 2.359584108703988292e+01 2.102447712528325496e+01
8.603320286432651898e+00 4.123205309941127439e+01 2.953610667834027836e+01
8.977287089600535452e+00 3.202931723788605467e+01 3.513596715969794815e+01
1.221548696636175357e+01 3.513100509935976845e+01 4.115317060612055400e+01
4.325061650118612988e+01 3.396319460683290004e+01 3.534758761687975692e+01
4.724037614636819882e+01 1.251968531034929555e+01 3.319864858140945785e+01
2.177572046576437259e+01 4.298932941175308997e+01 3.910033164260435257e+01
8.871780364673380603e+00 4.169377746002466267e+01 3.046828484805984161e+01
1.629297529254368726e+01 5.166345152636284155e+01 2.883312529593341367e+01
1.930099836609235098e+01 3.783309518145213701e+01 4.017606353745486558e+01
4.330649624474368409e+01 1.698192908922105815e+01 4.114873924866120802e+01
1.657655886050523719e+01 4.878959277900289493e+01 4.115254947038432931e+01
4.739023538642982203e+01 9.278619854898980890e+00 3.380603385659505022e+01
2.147821809641570923e+01 5.027188796333080489e+01 3.018922814573593172e+01
2.668077164437129767e+01 2.397427959586742219e+01 2.074347129498669773e+01
1.335055651535495791e+01 3.080762135183839590e+01 2.720090178451505381e+01
3.262591024863888833e+01 1.483263115463534376e+01 3.631421000546639988e+01
2.884231730054662535e+01 1.089563320609737040e+01 3.453559252645376887e+01
3.755967826324179981e+01 3.222155768202641468e+01 3.865198248001820502e+01
5.328304879216607759e+01 2.520351676689748643e+01 2.750754443853411857e+01
4.560776600060268748e+01 2.586807341116578840e+01 4.151777111856414137e+01
2.302896736109122244e+01 1.097742435658443050e+01 2.241544982895928584e+01
8.025483294358215502e+00 4.001484852950230930e+01 3.558041832433080742e+01
5.248371663630688033e+01 1.372813484554338892e+01 2.614745745293584633e+01
2.713932292796142320e+01 3.879244561760001631e+01 2.955257239475589515e+01
4.660144076663971902e+01 3.436641459937979448e+01 3.056303565356775209e+01
2.519725770724656400e+01 3.854912510210662901e+01 3.718834384730235598e+01
8.971128605357534980e+00 3.340076304669921115e+01 3.910415896413234549e+01
1.722473392943251014e+01 3.116200531973235854e+01 2.856971303038228172e+01
1.979845895179956017e+01 4.938337981193804893e+01 4.081207110510153768e+01
1.172177683884796906e+01 3.831810986739664315e+01 4.084828105896240658e+01
5.044985732728620320e+01 1.489636918985126890e+01 2.210074670950648823e+01
4.116790235363117745e+01 1.363018552239180892e+01 3.491023390764105727e+01
2.925085671858960978e+01 7.813679901908519909e+00 2.402255620314044293e+01
1.071310875842923416e+01 4.626743976002408232e+01 3.025508310834865711e+01
3.025359221818114719e+01 1.675225132147068763e+01 4.211482673822185063e+01
2.262243626323816059e+01 1.602602580985823622e+01 3.595049003202687032e+01
3.984746965724109202e+01 1.273909192140650326e+01 3.273182781606351455e+01
4.003438064519872341e+01 1.322663366992142819e+01 2.857312794906576414e+01
3.637523051312238209e+01 1.702226788446445838e+01 2.181044831161282005e+01
2.290977970487803717e+01 1.098548841920653985e+01 3.637648921014738335e+01
4.634620929301185299e+01 1.374736354374576486e+01 2.974790602379425764e+01
4.443922525744593344e+01 1.674876262654381520e+01 2.189535571757756927e+01
4.459707788124782013e+01 9.198145240307237458e+00 2.692278536845618930e+01
5.187817443089811320e+01 1.297586709533523930e+01 3.475907317282152320e+01
8.566877657839976123e+00 4.012924941951050783e+01 3.734419213598448550e+01
4.864311442916643102e+01 1.306240479781922303e+01 2.994851190241197969e+01
9.474660024028274563e+00 3.773057707519116377e+01 4.043693938635254881e+01
1.427980725114914229e+01 3.049188579613354477e+01 3.434381031179767518e+01
2.499097532758007389e+01 8.237940110144323924e+00 2.716626602193146667e+01
3.402807948725922671e+01 1.460248285208747454e+01 2.688927840697960647e+01
1.744552741321634315e+01 4.921833010699059230e+01 1.962272076626404171e+01
2.988529228919633951e+01 8.566691212758636098e+00 4.000368040132609337e+01
4.610030726130777623e+01 1.642898467352814862e+01 2.161419632135133639e+01
5.200051771711824955e+01 1.897568312158193748e+01 3.835806565087521847e+01
3.099516291777989352e+01 1.325682834159499279e+01 2.228805082275140137e+01
2.248897764276074440e+01 2.681512098369442754e+01 3.909999119094715070e+01
4.880662732287719052e+01 1.099478812848189513e+01 2.194002615591762151e+01
1.797154585306494923e+01 3.640457256567848532e+01 2.274389290970837862e+01
1.564642682490510239e+01 5.148884074863299531e+01 3.472704557037667428e+01
4.453183291703973623e+01 3.424633368456963467e+01 2.836096750153123125e+01
2.274639397228345672e+01 1.974154367020101830e+01 2.230269139263683442e+01
3.623163041040847077e+01 1.285654282323281095e+01 2.977293365929964608e+01
4.494766056455572567e+01 8.651273808506344309e+00 3.827825518084743095e+01
2.416328894342805356e+01 1.698629320364820927e+01 3.400775563403201573e+01
3.765593573054262322e+01 3.566886511357211731e+01 3.271476181265609995e+01
2.906711400181794147e+01 3.655168531855559166e+01 3.650999514824324166e+01
6.326337467521778279e+00 3.696250101910108299e+01 3.252977454117245770e+01
2.858152522524714101e+01 7.251005561754620743e+00 3.831395919333362343e+01
2.380340599325085549e+01 4.845752738001128535e+01 3.166784512807586793e+01
1.113116286763036911e+01 3.830793745689037877e+01 2.217552008766299920e+01
2.817839262931667932e+01 2.411832298110742911e+01 2.047685732653125967e+01
2.223938196532963474e+01 1.791331098250882548e+01 2.328973174491022036e+01
4.059826169104958637e+01 2.243371732405179841e+01 2.091860941163800902e+01
4.594807583922256100e+01 2.988485804274998614e+01 3.970846184721274597e+01
2.228185578988153637e+01 1.336740915372081240e+01 2.576648010121324006e+01
2.953641814592405623e+01 1.725641672433452101e+01 2.061370471421046346e+01
4.226924043342845749e+01 1.483170806918339402e+01 2.550500781194904576e+01
3.663012578588168822e+01 1.268697718643861272e+01 3.278594315969689887e+01
3.174325606061161409e+01 1.295669296340260956e+01 3.842821950894789040e+01
1.119575447557593328e+01 4.740294976302520524e+01 3.068472475989623405e+01
5.352452290616889030e+01 2.298062895107991466e+01 2.914379722936026340e+01
2.279819544379208907e+01 2.362686862580784108e+01 2.280207326088390829e+01
4.970471182709570712e+01 2.347244914190756049e+01 2.266515992488198705e+01
8.838626422942612137e+00 4.160241989736179846e+01 3.223671565950916573e+01
3.552209720719276476e+01 3.263654656669209686e+01 3.894691928433996253e+01
4.296822207280970929e+01 3.419146868201082867e+01 2.793257245058129357e+01
2.372363437217003224e+01 9.906977732436082817e+00 2.730565714433704727e+01
4.026825511324095430e+01 2.732602537221435313e+01 4.148423476901547957e+01
4.812051593315327835e+01 2.020641604790426982e+01 2.171231348073620993e+01
4.073114021850531685e+01 2.556400360744300215e+01 2.101769930351110105e+01
3.894809829288983849e+01 3.371324107034633499e+01 2.602023312938842281e+01
1.151846408619079831e+01 4.803503667554054601e+01 3.247578185517504323e+01
2.117144936894798235e+01 3.518043424679420639e+01 2.500333380382144455e+01
8.215650586575828029e+00 3.963687579907883674e+01 3.738107905025955802e+01
2.542342802024919379e+01 2.963930746993414900e+01 4.000585892375515584e+01
4.994614781665612213e+01 8.650163231023295651e+00 3.428873736934014715e+01
4.352041085280588817e+01 1.413482852104664289e+01 3.335871763548253455e+01
2.338679638882616629e+01 1.649180833937240465e+01 2.120464036291298626e+01
3.356454804776410583e+01 2.577447147568062036e+01 4.250810322216083392e+01
4.930448538886412280e+01 2.280152253621554692e+01 2.241144029025849704e+01
2.351523235295226755e+01 1.246623405637947002e+01 3.518253682960087048e+01
2.558388683716118095e+01 4.372828892998867190e+01 3.542100134080505569e+01
3.282856323950722555e+01 3.367538122183066207e+01 3.899881217388194443e+01
5.126264197784900745e+01 1.064603036823135263e+01 2.853570113133788411e+01
2.359972340373241551e+01 2.972669913636769934e+01 3.851487513770311466e+01
3.804788949653885766e+01 2.744794985909776130e+01 4.157318212748749886e+01
4.630545715932581885e+01 3.336632133993164473e+01 3.574804815144047154e+01
1.638761514047632772e+01 5.380657148063785655e+01 2.548548953595576450e+01
4.239924213251560303e+01 3.459798680772614432e+01 2.932568123147667194e+01
4.325162817847591867e+01 2.487444801176814480e+01 4.186742424842167765e+01
2.011571166368802110e+01 2.794314515276193589e+01 3.518422099709522399e+01
5.100006982602046435e+01 1.144380199279057031e+01 3.390912546553091289e+01
3.617602672460942870e+01 1.456164978731339943e+01 3.757542133468078305e+01
3.700336253142148735e+01 2.772635161308805607e+01 4.156033327755515927e+01
2.474358448214953654e+01 7.740817140475121150e+00 2.542306939181658265e+01
1.642205989920917375e+01 3.081368780553891895e+01 3.398746032878838719e+01
2.277115636731959469e+01 1.930180321257016729e+01 4.077747877048339831e+01
3.530246162036534940e+01 1.306645812802110029e+01 3.021008928983768982e+01
1.913600715391715923e+01 2.988680527131726805e+01 3.405551825043233549e+01
4.698199762595843509e+01 1.437285459057351922e+01 3.273867327663978699e+01
5.258886323947893970e+01 2.836742423017598469e+01 3.525713375671990946e+01
3.188362646113383647e+01 3.651383696691662806e+01 2.606193962069687586e+01
3.527309804976928831e+01 2.765063278086770637e+01 4.180491033869524387e+01
4.513716211440524262e+01 2.365903201561082625e+01 2.125811356484616965e+01
3.037422694443364435e+01 8.670379636786796240e+00 2.587907606770070856e+01
2.078529700839140659e+01 3.226979385903815967e+01 2.678968299687981514e+01
2.205354997360569058e+01 1.425163968041458773e+01 3.958598740696472618e+01
2.539279609475993027e+01 9.382555596685524080e+00 2.170414899537578535e+01
1.375175721336903578e+01 3.035836585301803581e+01 3.290302742463796903e+01
2.924179277602815574e+01 3.027486881598133550e+01 2.197316268033154785e+01
2.070844436438460434e+01 4.577076799805148966e+01 1.939859487532690352e+01
3.977898139354887519e+01 2.574846653395615803e+01 4.199210500182590522e+01
2.667314547295000438e+01 1.565468982355598193e+01 3.192429896710969217e+01
2.199555293318161375e+01 1.501059974804882557e+01 2.399275594917045851e+01
2.188525096003922599e+01 5.021904082258757995e+01 3.217647507307524535e+01
4.970931556269740526e+01 2.614510862342568487e+01 4.005430362256845456e+01
2.009584896531235643e+01 4.949027071914480302e+01 2.331823587502536910e+01
1.590272268240306985e+01 4.799887610680027450e+01 2.128518021865385634e+01
3.004346751816974859e+01 2.607481369674117033e+01 2.039627200525329798e+01
5.232301873789863578e+01 1.708143774947236437e+01 3.695860252744179064e+01
5.245106567822536192e+01 1.388119669155626212e+01 3.758140793092424303e+01
2.484138379746431013e+01 1.675940542518751997e+01 2.978031989517965172e+01
6.480489880115491097e+00 3.777193698666022925e+01 3.285973745886303732e+01
4.614231758930920790e+01 3.160515766123566905e+01 3.804092023434993308e+01
5.102644826094151398e+01 2.045715631510797294e+01 3.967688597612759338e+01
1.596131848031815359e+01 4.424572767387905969e+01 2.327041884434219554e+01
3.393042160549754271e+01 3.707303100394371853e+01 3.319882198117108629e+01
2.054707907931273070e+01 3.795462437975728420e+01 3.979190578045982107e+01
1.730270157018222221e+01 5.203021540348291296e+01 2.896642303269585028e+01
2.163245698888992763e+01 4.733249581590747823e+01 2.492880678387916049e+01
5.002228014887734986e+01 1.839702005799989237e+01 2.205235476991821031e+01
3.125500453452033156e+01 1.076470587454027239e+01 2.579296468171023093e+01
5.010622537572977109e+01 9.964329830717847614e+00 4.049371985713142408e+01
3.708003003704612155e+01 3.363354675198254284e+01 2.510995114987285248e+01
2.265285013734690622e+01 1.527614386294206739e+01 2.198699356117100834e+01
2.163578236513620112e+01 2.045482027206894671e+01 3.667567051506891573e+01
5.223457664875709128e+01 1.694929679353584362e+01 3.513475568530543569e+01
4.523849844187314062e+01 2.573272123319094007e+01 2.139424634679282278e+01
2.357626168529378674e+01 2.979156143269130297e+01 2.438955607737769071e+01
2.360065321680254868e+01 1.071715519660213189e+01 4.120816501805410326e+01
2.997785904650003985e+01 3.755845013393819443e+01 3.028851753150308213e+01
5.192711554571901189e+01 2.213453833340346222e+01 3.820416869762540557e+01
2.842101533589045914e+01 3.153361441817878941e+01 4.015723119523573814e+01
4.125280087320064126e+01 2.639745054016220394e+01 2.120927506555781861e+01
3.347556848433161747e+01 2.891344254268973657e+01 4.146743451605438935e+01
5.349777025508978312e+01 2.527986099429078948e+01 3.498572045851083345e+01
1.934577975631260927e+01 4.421709686217246116e+01 4.173156533771960852e+01
1.322843434348385827e+01 4.995080202229613064e+01 3.531605148934182381e+01
2.073177344350354190e+01 2.462405000260476839e+01 3.696641362681607745e+01
1.610987784935083766e+01 5.136637512112952919e+01 2.578637167644266270e+01
1.034163939031523682e+01 4.333515669912904400e+01 3.720644139452247856e+01
3.093698827592455558e+01 2.859766035734542200e+01 4.168489173395137470e+01
1.842404248692675139e+01 3.312398686271299653e+01 3.787827809400494061e+01
4.021646752804218039e+01 1.837454850646559379e+01 4.176011469046638780e+01
3.904084313199563638e+01 1.611764318278141772e+01 4.029075735998266339e+01
3.805196118736785849e+01 3.556276599624132473e+01 3.025770005670531049e+01
4.437758603974911864e+01 1.431278802531060634e+01 3.257073594559365404e+01
