1.390185479780854827e+01
3.033448550031816016e+00
2.752286567016787977e+00
2.656001582022864849e+00
2.593305208061170930e+00
2.539740282361731438e+00
2.489078261615607968e+00
2.439408137224944095e+00
2.390089215026078406e+00
2.340904016676573107e+00
2.291789582483166221e+00
2.242744965600917517e+00
2.193797333728853438e+00
2.144988604485112749e+00
2.096369477225719091e+00
2.047996165041163774e+00
1.999928135915147953e+00
1.952226276004763506e+00
1.904951297351568984e+00
1.858162358771123790e+00
1.811915912627082070e+00
1.766264793810403466e+00
1.721257555994122113e+00
1.676938045352084572e+00
1.633345188631723177e+00
1.590512963047900241e+00
1.548470510562641289e+00
1.507242358394743409e+00
1.466848710181750670e+00
1.427305777002585652e+00
1.388626123398267742e+00
1.350819009712002305e+00
1.313890717861643687e+00
1.277844852656450536e+00
1.242682614788496176e+00
1.208403044640071755e+00
1.175003238132246830e+00
1.142478537135842132e+00
1.110822697637115164e+00
1.080028039056951883e+00
1.050085578008018050e+00
1.020985149458546459e+00
9.927155178477751196e-01
9.652644802354033438e-01
9.386189631135049005e-01
9.127651140943588981e-01
8.876883893285623106e-01
8.633736372114767521e-01
8.398051787026918902e-01
8.169668844084374548e-01
1.186383870860039692e-02
