9.779284769618634243e+00
8.063728807461979287e+00
6.888931834818593281e+00
6.072960926847400742e+00
5.489824056703359823e+00
5.059003406945207892e+00
4.730042685324351126e+00
4.471071553875143323e+00
4.261579835079778888e+00
4.088078088894823381e+00
3.941494815159917842e+00
3.815588200640701810e+00
3.705956292223990367e+00
3.609409815597497406e+00
3.523571187267281246e+00
3.446617316923851426e+00
3.377114244857463810e+00
3.313910032379511428e+00
3.256064181477448471e+00
3.202799769292670184e+00
3.153469729237098562e+00
3.107532089137543085e+00
3.064531070834129789e+00
3.024082206278364104e+00
2.985860350173263456e+00
2.949589882089089343e+00
2.915036625942792892e+00
2.882001151319605103e+00
2.850313204311167858e+00
2.819827069777721018e+00
2.790417705086369438e+00
2.761977514084202667e+00
2.734413652759428714e+00
2.707645776531288906e+00
2.681604154403758322e+00
2.656228087948807826e+00
2.631464583693736703e+00
2.607267236316285874e+00
2.583595287383329442e+00
2.560412830444387389e+00
2.537688138315546738e+00
2.515393092538661168e+00
2.493502698424134856e+00
2.471994671908992025e+00
2.450849086790479525e+00
2.430048072816802129e+00
2.409575556702899579e+00
2.389417039450383751e+00
2.369559404435745531e+00
2.349990751629973396e+00
